 (000.000000)  can0  02000100   [2]  00 00
 (000.000969)  can0  03C30F0F   [7]  87 87 87 87 87 87 87
 (000.009856)  can0  02000100   [2]  00 00
 (000.019860)  can0  02000100   [2]  00 00
 (000.020457)  can0  0C140400   [1]  13
 (000.023879)  can0       00E   [8]  70 80 13 98 00 00 00 00
 (000.029844)  can0  02000100   [2]  00 00
 (000.039851)  can0  02000100   [2]  00 00
 (000.049885)  can0  02000100   [2]  00 00
 (000.059805)  can0  02000100   [2]  00 00
 (000.069713)  can0  02000100   [2]  00 00
 (000.070341)  can0  0C140400   [1]  54
 (000.074450)  can0       00E   [8]  70 80 13 98 00 00 00 00
 (000.079864)  can0  02000100   [2]  00 00
 (000.089874)  can0  02000100   [2]  00 00
 (000.093659)  can0  0C140000   [1]  C1
 (000.099910)  can0  02000100   [2]  00 00
 (000.100883)  can0  03C30F0F   [7]  87 87 87 87 87 87 87
 (000.109832)  can0  02000100   [2]  00 00
 (000.119833)  can0  02000100   [2]  00 00
 (000.120444)  can0  0C140400   [1]  55
 (000.123780)  can0       00E   [8]  70 80 13 98 00 00 00 00
 (000.129812)  can0  02000100   [2]  00 00
 (000.139801)  can0  02000100   [2]  00 00
 (000.149852)  can0  02000100   [2]  00 00
 (000.159794)  can0  02000100   [2]  00 00
 (000.163704)  can0  14300000   [2]  00 00
 (000.169801)  can0  02000100   [2]  00 00
 (000.170447)  can0  0C140400   [1]  D6
 (000.174383)  can0       00E   [8]  70 80 13 98 00 00 00 00
 (000.179796)  can0  02000100   [2]  00 00
 (000.189828)  can0  02000100   [2]  00 00
 (000.199972)  can0  02000100   [2]  00 00
 (000.200963)  can0  03C30F0F   [7]  87 87 87 87 87 87 87
 (000.203707)  can0  140C0001   [2]  00 00
 (000.209797)  can0  02000100   [2]  00 00
 (000.219796)  can0  02000100   [2]  00 00
 (000.220437)  can0  0C140400   [1]  D7
 (000.223774)  can0       00E   [8]  70 80 13 98 00 00 00 00
 (000.229812)  can0  02000100   [2]  00 00
 (000.239819)  can0  02000100   [2]  00 00
 (000.249865)  can0  02000100   [2]  00 00
 (000.259812)  can0  02000100   [2]  00 00
 (000.269814)  can0  02000100   [2]  00 00
 (000.270450)  can0  0C140400   [1]  D8
 (000.274395)  can0       00E   [8]  70 80 13 98 00 00 00 00
 (000.279812)  can0  02000100   [2]  00 00
 (000.289813)  can0  02000100   [2]  00 00
 (000.299989)  can0  02000100   [2]  00 00
 (000.300983)  can0  03C30F0F   [7]  87 87 87 87 87 87 87
 (000.309849)  can0  02000100   [2]  00 00
 (000.319761)  can0  02000100   [2]  00 00
 (000.320430)  can0  0C140400   [1]  D9
 (000.323792)  can0       00E   [8]  70 80 13 98 00 00 00 00
 (000.329828)  can0  02000100   [2]  00 00
 (000.339811)  can0  02000100   [2]  00 00
 (000.349791)  can0  02000100   [2]  00 00
 (000.353593)  can0  1C0C0000   [1]  50
 (000.359810)  can0  02000100   [2]  00 00
 (000.369810)  can0  02000100   [2]  00 00
 (000.370450)  can0  0C140400   [1]  DA
 (000.374403)  can0       00E   [8]  70 80 13 98 00 00 00 00
 (000.379804)  can0  02000100   [2]  00 00
 (000.389817)  can0  02000100   [2]  00 00
 (000.399967)  can0  02000100   [2]  00 00
 (000.400958)  can0  03C30F0F   [7]  87 87 87 87 87 87 87
 (000.409839)  can0  02000100   [2]  00 00
 (000.413662)  can0  14300000   [2]  00 00
 (000.419847)  can0  02000100   [2]  00 00
 (000.420644)  can0  0C140400   [1]  DB
 (000.423716)  can0       00E   [8]  70 80 13 98 00 00 00 00
 (000.429810)  can0  02000100   [2]  00 00
 (000.439819)  can0  02000100   [2]  00 00
 (000.449867)  can0  02000100   [2]  00 00
 (000.453656)  can0  140C0001   [2]  00 00
 (000.459809)  can0  02000100   [2]  00 00
 (000.469822)  can0  02000100   [2]  00 00
 (000.470636)  can0  0C140400   [1]  DC
 (000.474403)  can0       00E   [8]  70 80 13 98 00 00 00 00
 (000.479812)  can0  02000100   [2]  00 00
 (000.489813)  can0  02000100   [2]  00 00
 (000.499967)  can0  02000100   [2]  00 00
 (000.500957)  can0  03C30F0F   [7]  87 87 87 87 87 87 87
 (000.509815)  can0  02000100   [2]  00 00
 (000.519848)  can0  02000100   [2]  00 00
 (000.520847)  can0  0C140400   [1]  DD
 (000.523791)  can0       00E   [8]  70 80 13 98 00 00 00 00
 (000.529849)  can0  02000100   [2]  00 00
 (000.539818)  can0  02000100   [2]  00 00
 (000.549871)  can0  02000100   [2]  00 00
 (000.559811)  can0  02000100   [2]  00 00
 (000.569812)  can0  02000100   [2]  00 00
 (000.570860)  can0  0C140400   [1]  DE
 (000.574396)  can0       00E   [8]  70 80 13 98 00 00 00 00
 (000.579813)  can0  02000100   [2]  00 00
 (000.589817)  can0  02000100   [2]  00 00
 (000.599888)  can0  02000100   [2]  00 00
 (000.600880)  can0  03C30F0F   [7]  87 87 87 87 87 87 87
 (000.609816)  can0  02000100   [2]  00 00
 (000.619819)  can0  02000100   [2]  00 00
 (000.621074)  can0  0C140400   [1]  DF
 (000.623803)  can0       00E   [8]  70 80 13 98 00 00 00 00
 (000.629783)  can0  02000100   [2]  00 00
 (000.639857)  can0  02000100   [2]  00 00
 (000.649874)  can0  02000100   [2]  00 00
 (000.659822)  can0  02000100   [2]  00 00
 (000.663589)  can0  14300000   [2]  00 00
 (000.669824)  can0  02000100   [2]  00 00
 (000.674312)  can0       00E   [8]  70 80 13 98 00 00 00 00
 (000.679824)  can0  02000100   [2]  00 00
 (000.689823)  can0  02000100   [2]  00 00
 (000.699969)  can0  02000100   [2]  00 00
 (000.700960)  can0  03C30F0F   [7]  87 87 87 87 87 87 87
 (000.703592)  can0  140C0001   [2]  00 00
 (000.709817)  can0  02000100   [2]  00 00
 (000.714032)  can0  1C300004   [8]  79 08 5D 00 2C 00 00 00
 (000.719824)  can0  02000100   [2]  00 00
 (000.723792)  can0       00E   [8]  70 80 13 98 00 00 00 00
 (000.729817)  can0  02000100   [2]  00 00
 (000.739872)  can0  02000100   [2]  00 00
 (000.749908)  can0  02000100   [2]  00 00
 (000.759820)  can0  02000100   [2]  00 00
 (000.769820)  can0  02000100   [2]  00 00
 (000.774404)  can0       00E   [8]  70 80 13 98 00 00 00 00
 (000.779813)  can0  02000100   [2]  00 00
 (000.789822)  can0  02000100   [2]  00 00
 (000.799975)  can0  02000100   [2]  00 00
 (000.800967)  can0  03C30F0F   [7]  87 87 87 87 87 87 87
 (000.809824)  can0  02000100   [2]  00 00
 (000.819816)  can0  02000100   [2]  00 00
 (000.823793)  can0       00E   [8]  70 80 13 98 00 00 00 00
 (000.829829)  can0  02000100   [2]  00 00
 (000.839826)  can0  02000100   [2]  00 00
 (000.849836)  can0  02000100   [2]  00 00
 (000.859853)  can0  02000100   [2]  00 00
 (000.869824)  can0  02000100   [2]  00 00
 (000.871509)  can0  0C140400   [1]  10
 (000.874405)  can0       00E   [8]  70 80 13 98 00 00 00 00
 (000.879719)  can0  02000100   [2]  00 00
 (000.889823)  can0  02000100   [2]  00 00
 (000.899968)  can0  02000100   [2]  00 00
 (000.900959)  can0  03C30F0F   [7]  87 87 87 87 87 87 87
 (000.909811)  can0  02000100   [2]  00 00
 (000.913535)  can0  14300000   [2]  00 00
 (000.919817)  can0  02000100   [2]  00 00
 (000.921701)  can0  0C140400   [1]  51
 (000.923701)  can0       00E   [8]  70 80 13 98 00 00 00 00
 (000.929821)  can0  02000100   [2]  00 00
 (000.939820)  can0  02000100   [2]  00 00
 (000.949870)  can0  02000100   [2]  00 00
 (000.953531)  can0  140C0001   [2]  00 00
 (000.959852)  can0  02000100   [2]  00 00
 (000.969853)  can0  02000100   [2]  00 00
 (000.971701)  can0  0C140400   [1]  12
 (000.974407)  can0       00E   [8]  70 80 13 98 00 00 00 00
 (000.979823)  can0  02000100   [2]  00 00
 (000.989827)  can0  02000100   [2]  00 00
 (000.993422)  can0  0C140000   [1]  C0
 (000.999968)  can0  02000100   [2]  00 00
 (001.000959)  can0  03C30F0F   [7]  87 87 87 87 87 87 87
 (001.009817)  can0  02000100   [2]  00 00
 (001.019818)  can0  02000100   [2]  00 00
 (001.021915)  can0  0C140400   [1]  13
 (001.023803)  can0       00E   [8]  70 80 13 98 00 00 00 00
 (001.029823)  can0  02000100   [2]  00 00
 (001.039821)  can0  02000100   [2]  00 00
 (001.049873)  can0  02000100   [2]  00 00
 (001.059822)  can0  02000100   [2]  00 00
 (001.069859)  can0  02000100   [2]  00 00
 (001.071919)  can0  0C140400   [1]  54
 (001.074416)  can0       00E   [8]  70 80 13 98 00 00 00 00
 (001.079849)  can0  02000100   [2]  00 00
 (001.089818)  can0  02000100   [2]  00 00
 (001.093393)  can0  0C140000   [1]  C1
 (001.099954)  can0  02000100   [2]  00 00
 (001.100942)  can0  03C30F0F   [7]  87 87 87 87 87 87 87
 (001.109828)  can0  02000100   [2]  00 00
 (001.119820)  can0  02000100   [2]  00 00
 (001.122133)  can0  0C140400   [1]  55
 (001.123829)  can0       00E   [8]  70 80 13 98 00 00 00 00
 (001.129719)  can0  02000100   [2]  00 00
 (001.139822)  can0  02000100   [2]  00 00
 (001.149886)  can0  02000100   [2]  00 00
 (001.159764)  can0  02000100   [2]  00 00
 (001.163454)  can0  14300000   [2]  00 00
 (001.169823)  can0  02000100   [2]  00 00
 (001.172139)  can0  0C140400   [1]  D6
 (001.174356)  can0       00E   [8]  70 80 13 98 00 00 00 00
 (001.179858)  can0  02000100   [2]  00 00
 (001.189854)  can0  02000100   [2]  00 00
 (001.199971)  can0  02000100   [2]  00 00
 (001.200962)  can0  03C30F0F   [7]  87 87 87 87 87 87 87
 (001.203458)  can0  140C0001   [2]  00 00
 (001.209819)  can0  02000100   [2]  00 00
 (001.219819)  can0  02000100   [2]  00 00
 (001.222349)  can0  0C140400   [1]  D7
 (001.223830)  can0       00E   [8]  70 80 13 98 00 00 00 00
 (001.229825)  can0  02000100   [2]  00 00
 (001.239823)  can0  02000100   [2]  00 00
 (001.249874)  can0  02000100   [2]  00 00
 (001.259824)  can0  02000100   [2]  00 00
 (001.269828)  can0  02000100   [2]  00 00
 (001.272346)  can0  0C140400   [1]  D8
 (001.274443)  can0       00E   [8]  70 80 13 98 00 00 00 00
 (001.279818)  can0  02000100   [2]  00 00
 (001.289852)  can0  02000100   [2]  00 00
 (001.299996)  can0  02000100   [2]  00 00
 (001.300989)  can0  03C30F0F   [7]  87 87 87 87 87 87 87
 (001.309825)  can0  02000100   [2]  00 00
 (001.319822)  can0  02000100   [2]  00 00
 (001.322576)  can0  0C140400   [1]  D9
 (001.323831)  can0       00E   [8]  70 80 13 98 00 00 00 00
 (001.329825)  can0  02000100   [2]  00 00
 (001.339825)  can0  02000100   [2]  00 00
 (001.349880)  can0  02000100   [2]  00 00
 (001.353321)  can0  1C0C0000   [1]  50
 (001.359826)  can0  02000100   [2]  00 00
 (001.369827)  can0  02000100   [2]  00 00
 (001.372563)  can0  0C140400   [1]  DA
 (001.374436)  can0       00E   [8]  70 80 13 98 00 00 00 00
 (001.379773)  can0  02000100   [2]  00 00
 (001.389825)  can0  02000100   [2]  00 00
 (001.400009)  can0  02000100   [2]  00 00
 (001.401001)  can0  03C30F0F   [7]  87 87 87 87 87 87 87
 (001.409777)  can0  02000100   [2]  00 00
 (001.413391)  can0  14300000   [2]  00 00
 (001.419825)  can0  02000100   [2]  00 00
 (001.422790)  can0  0C140400   [1]  DB
 (001.423830)  can0       00E   [8]  70 80 13 98 00 00 00 00
 (001.429828)  can0  02000100   [2]  00 00
 (001.439811)  can0  02000100   [2]  00 00
 (001.449880)  can0  02000100   [2]  00 00
 (001.453395)  can0  140C0001   [2]  00 00
 (001.459829)  can0  02000100   [2]  00 00
 (001.469824)  can0  02000100   [2]  00 00
 (001.472781)  can0  0C140400   [1]  DC
 (001.474446)  can0       00E   [8]  70 80 13 98 00 00 00 00
 (001.479831)  can0  02000100   [2]  00 00
 (001.489833)  can0  02000100   [2]  00 00
 (001.499976)  can0  02000100   [2]  00 00
 (001.500969)  can0  03C30F0F   [7]  87 87 87 87 87 87 87
 (001.509862)  can0  02000100   [2]  00 00
 (001.519860)  can0  02000100   [2]  00 00
 (001.522988)  can0  0C140400   [1]  DD
 (001.523955)  can0       00E   [8]  70 80 13 98 00 00 00 00
 (001.529830)  can0  02000100   [2]  00 00
 (001.539822)  can0  02000100   [2]  00 00
 (001.549895)  can0  02000100   [2]  00 00
 (001.559833)  can0  02000100   [2]  00 00
 (001.569824)  can0  02000100   [2]  00 00
 (001.573002)  can0  0C140400   [1]  DE
 (001.574449)  can0       00E   [8]  70 80 13 98 00 00 00 00
 (001.579827)  can0  02000100   [2]  00 00
 (001.589831)  can0  02000100   [2]  00 00
 (001.599972)  can0  02000100   [2]  00 00
 (001.600964)  can0  03C30F0F   [7]  87 87 87 87 87 87 87
 (001.609829)  can0  02000100   [2]  00 00
 (001.619864)  can0  02000100   [2]  00 00
 (001.623216)  can0  0C140400   [1]  DF
 (001.624185)  can0       00E   [8]  70 80 13 98 00 00 00 00
 (001.629869)  can0  02000100   [2]  00 00
 (001.639827)  can0  02000100   [2]  00 00
 (001.649878)  can0  02000100   [2]  00 00
 (001.659724)  can0  02000100   [2]  00 00
 (001.663322)  can0  14300000   [2]  00 00
 (001.669839)  can0  02000100   [2]  00 00
 (001.674383)  can0       00E   [8]  70 80 13 98 00 00 00 00
 (001.679830)  can0  02000100   [2]  00 00
 (001.689761)  can0  02000100   [2]  00 00
 (001.699983)  can0  02000100   [2]  00 00
 (001.700974)  can0  03C30F0F   [7]  87 87 87 87 87 87 87
 (001.703325)  can0  140C0001   [2]  00 00
 (001.709834)  can0  02000100   [2]  00 00
 (001.719832)  can0  02000100   [2]  00 00
 (001.723759)  can0  1C300004   [8]  79 08 5D 00 2C 00 00 00
 (001.724726)  can0       00E   [8]  70 80 13 98 00 00 00 00
 (001.729856)  can0  02000100   [2]  00 00
 (001.739864)  can0  02000100   [2]  00 00
 (001.749885)  can0  02000100   [2]  00 00
 (001.759835)  can0  02000100   [2]  00 00
 (001.769839)  can0  02000100   [2]  00 00
 (001.774418)  can0       00E   [8]  70 80 13 98 00 00 00 00
 (001.779837)  can0  02000100   [2]  00 00
 (001.789828)  can0  02000100   [2]  00 00
 (001.799982)  can0  02000100   [2]  00 00
 (001.800972)  can0  03C30F0F   [7]  87 87 87 87 87 87 87
 (001.809830)  can0  02000100   [2]  00 00
 (001.819830)  can0  02000100   [2]  00 00
 (001.823808)  can0       00E   [8]  70 80 13 98 00 00 00 00
 (001.829831)  can0  02000100   [2]  00 00
 (001.839864)  can0  02000100   [2]  00 00
 (001.849921)  can0  02000100   [2]  00 00
 (001.859835)  can0  02000100   [2]  00 00
 (001.869829)  can0  02000100   [2]  00 00
 (001.873652)  can0  0C140400   [1]  10
 (001.874621)  can0       00E   [8]  70 80 13 98 00 00 00 00
 (001.879830)  can0  02000100   [2]  00 00
 (001.889830)  can0  02000100   [2]  00 00
 (001.899984)  can0  02000100   [2]  00 00
 (001.900975)  can0  03C30F0F   [7]  87 87 87 87 87 87 87
 (001.909794)  can0  02000100   [2]  00 00
 (001.913255)  can0  14300000   [2]  00 00
 (001.919833)  can0  02000100   [2]  00 00
 (001.923811)  can0       00E   [8]  70 80 13 98 00 00 00 00
 (001.924460)  can0  0C140400   [1]  51
 (001.929838)  can0  02000100   [2]  00 00
 (001.939732)  can0  02000100   [2]  00 00
 (001.949918)  can0  02000100   [2]  00 00
 (001.953260)  can0  140C0001   [2]  00 00
 (001.959869)  can0  02000100   [2]  00 00
 (001.969820)  can0  02000100   [2]  00 00
 (001.973853)  can0  0C140400   [1]  12
 (001.974821)  can0       00E   [8]  70 80 13 98 00 00 00 00
 (001.979831)  can0  02000100   [2]  00 00
 (001.989843)  can0  02000100   [2]  00 00
 (001.993158)  can0  0C140000   [1]  C0
 (001.999985)  can0  02000100   [2]  00 00
 (002.000975)  can0  03C30F0F   [7]  87 87 87 87 87 87 87
 (002.009836)  can0  02000100   [2]  00 00
 (002.019834)  can0  02000100   [2]  00 00
 (002.023810)  can0       00E   [8]  70 80 13 98 00 00 00 00
 (002.024450)  can0  0C140400   [1]  13
 (002.029827)  can0  02000100   [2]  00 00
 (002.039836)  can0  02000100   [2]  00 00
 (002.049900)  can0  02000100   [2]  00 00
 (002.059871)  can0  02000100   [2]  00 00
 (002.069874)  can0  02000100   [2]  00 00
 (002.074071)  can0  0C140400   [1]  54
 (002.075040)  can0       00E   [8]  70 80 13 98 00 00 00 00
 (002.079833)  can0  02000100   [2]  00 00
 (002.089836)  can0  02000100   [2]  00 00
 (002.093128)  can0  0C140000   [1]  C1
 (002.099986)  can0  02000100   [2]  00 00
 (002.100977)  can0  03C30F0F   [7]  87 87 87 87 87 87 87
 (002.109838)  can0  02000100   [2]  00 00
 (002.119835)  can0  02000100   [2]  00 00
 (002.123811)  can0       00E   [8]  70 80 13 98 00 00 00 00
 (002.124450)  can0  0C140400   [1]  55
 (002.129837)  can0  02000100   [2]  00 00
 (002.139837)  can0  02000100   [2]  00 00
 (002.149883)  can0  02000100   [2]  00 00
 (002.159845)  can0  02000100   [2]  00 00
 (002.163193)  can0  14300000   [2]  00 00
 (002.169862)  can0  02000100   [2]  00 00
 (002.174418)  can0       00E   [8]  70 80 13 98 00 00 00 00
 (002.175065)  can0  0C140400   [1]  D6
 (002.179861)  can0  02000100   [2]  00 00
 (002.189732)  can0  02000100   [2]  00 00
 (002.199986)  can0  02000100   [2]  00 00
 (002.200977)  can0  03C30F0F   [7]  87 87 87 87 87 87 87
 (002.203193)  can0  140C0001   [2]  00 00
 (002.209835)  can0  02000100   [2]  00 00
 (002.219771)  can0  02000100   [2]  00 00
 (002.223819)  can0       00E   [8]  70 80 13 98 00 00 00 00
 (002.224515)  can0  0C140400   [1]  D7
 (002.229839)  can0  02000100   [2]  00 00
 (002.239837)  can0  02000100   [2]  00 00
 (002.249887)  can0  02000100   [2]  00 00
 (002.259849)  can0  02000100   [2]  00 00
 (002.269844)  can0  02000100   [2]  00 00
 (002.274424)  can0       00E   [8]  70 80 13 98 00 00 00 00
 (002.275063)  can0  0C140400   [1]  D8
 (002.279873)  can0  02000100   [2]  00 00
 (002.289867)  can0  02000100   [2]  00 00
 (002.299985)  can0  02000100   [2]  00 00
 (002.300973)  can0  03C30F0F   [7]  87 87 87 87 87 87 87
 (002.309840)  can0  02000100   [2]  00 00
 (002.319835)  can0  02000100   [2]  00 00
 (002.323821)  can0       00E   [8]  70 80 13 98 00 00 00 00
 (002.324748)  can0  0C140400   [1]  D9
 (002.329836)  can0  02000100   [2]  00 00
 (002.339837)  can0  02000100   [2]  00 00
 (002.349897)  can0  02000100   [2]  00 00
 (002.353053)  can0  1C0C0000   [1]  50
 (002.359849)  can0  02000100   [2]  00 00
 (002.369840)  can0  02000100   [2]  00 00
 (002.374431)  can0       00E   [8]  70 80 13 98 00 00 00 00
 (002.375070)  can0  0C140400   [1]  DA
 (002.379840)  can0  02000100   [2]  00 00
 (002.389877)  can0  02000100   [2]  00 00
 (002.400020)  can0  02000100   [2]  00 00
 (002.401010)  can0  03C30F0F   [7]  87 87 87 87 87 87 87
 (002.409836)  can0  02000100   [2]  00 00
 (002.413123)  can0  14300000   [2]  00 00
 (002.419837)  can0  02000100   [2]  00 00
 (002.423816)  can0       00E   [8]  70 80 13 98 00 00 00 00
 (002.424959)  can0  0C140400   [1]  DB
 (002.429846)  can0  02000100   [2]  00 00
 (002.439798)  can0  02000100   [2]  00 00
 (002.449886)  can0  02000100   [2]  00 00
 (002.453125)  can0  140C0001   [2]  00 00
 (002.459850)  can0  02000100   [2]  00 00
 (002.469737)  can0  02000100   [2]  00 00
 (002.474423)  can0       00E   [8]  70 80 13 98 00 00 00 00
 (002.475063)  can0  0C140400   [1]  DC
 (002.479841)  can0  02000100   [2]  00 00
 (002.489835)  can0  02000100   [2]  00 00
 (002.499994)  can0  02000100   [2]  00 00
 (002.500986)  can0  03C30F0F   [7]  87 87 87 87 87 87 87
 (002.509879)  can0  02000100   [2]  00 00
 (002.519844)  can0  02000100   [2]  00 00
 (002.523820)  can0       00E   [8]  70 80 13 98 00 00 00 00
 (002.525164)  can0  0C140400   [1]  DD
 (002.529838)  can0  02000100   [2]  00 00
 (002.539838)  can0  02000100   [2]  00 00
 (002.549891)  can0  02000100   [2]  00 00
 (002.559852)  can0  02000100   [2]  00 00
 (002.569842)  can0  02000100   [2]  00 00
 (002.574433)  can0       00E   [8]  70 80 13 98 00 00 00 00
 (002.575168)  can0  0C140400   [1]  DE
 (002.579842)  can0  02000100   [2]  00 00
 (002.589846)  can0  02000100   [2]  00 00
 (002.599988)  can0  02000100   [2]  00 00
 (002.600980)  can0  03C30F0F   [7]  87 87 87 87 87 87 87
 (002.609871)  can0  02000100   [2]  00 00
 (002.619880)  can0  02000100   [2]  00 00
 (002.623823)  can0       00E   [8]  70 80 13 98 00 00 00 00
 (002.625383)  can0  0C140400   [1]  DF
 (002.629843)  can0  02000100   [2]  00 00
 (002.639851)  can0  02000100   [2]  00 00
 (002.649897)  can0  02000100   [2]  00 00
 (002.659856)  can0  02000100   [2]  00 00
 (002.663066)  can0  14300000   [2]  00 00
 (002.669846)  can0  02000100   [2]  00 00
 (002.674430)  can0       00E   [8]  70 80 13 98 00 00 00 00
 (002.679836)  can0  02000100   [2]  00 00
 (002.689843)  can0  02000100   [2]  00 00
 (002.699989)  can0  02000100   [2]  00 00
 (002.700981)  can0  03C30F0F   [7]  87 87 87 87 87 87 87
 (002.703067)  can0  140C0001   [2]  00 00
 (002.709847)  can0  02000100   [2]  00 00
 (002.719798)  can0  02000100   [2]  00 00
 (002.723822)  can0       00E   [8]  70 80 13 98 00 00 00 00
 (002.729874)  can0  02000100   [2]  00 00
 (002.733495)  can0  1C300004   [8]  79 08 5D 00 2C 00 00 00
 (002.739839)  can0  02000100   [2]  00 00
 (002.749836)  can0  02000100   [2]  00 00
 (002.759859)  can0  02000100   [2]  00 00
 (002.769842)  can0  02000100   [2]  00 00
 (002.774424)  can0       00E   [8]  70 80 13 98 00 00 00 00
 (002.779842)  can0  02000100   [2]  00 00
 (002.789846)  can0  02000100   [2]  00 00
 (002.799988)  can0  02000100   [2]  00 00
 (002.800980)  can0  03C30F0F   [7]  87 87 87 87 87 87 87
 (002.809844)  can0  02000100   [2]  00 00
 (002.819845)  can0  02000100   [2]  00 00
 (002.823821)  can0       00E   [8]  70 80 13 98 00 00 00 00
 (002.829881)  can0  02000100   [2]  00 00
 (002.839872)  can0  02000100   [2]  00 00
 (002.849895)  can0  02000100   [2]  00 00
 (002.859859)  can0  02000100   [2]  00 00
 (002.869851)  can0  02000100   [2]  00 00
 (002.874433)  can0       00E   [8]  70 80 13 98 00 00 00 00
 (002.875817)  can0  0C140400   [1]  10
 (002.879852)  can0  02000100   [2]  00 00
 (002.889843)  can0  02000100   [2]  00 00
 (002.899990)  can0  02000100   [2]  00 00
 (002.900980)  can0  03C30F0F   [7]  87 87 87 87 87 87 87
 (002.909845)  can0  02000100   [2]  00 00
 (002.912989)  can0  14300000   [2]  00 00
 (002.919845)  can0  02000100   [2]  00 00
 (002.923817)  can0       00E   [8]  70 80 13 98 00 00 00 00
 (002.926009)  can0  0C140400   [1]  51
 (002.929850)  can0  02000100   [2]  00 00
 (002.939882)  can0  02000100   [2]  00 00
 (002.949940)  can0  02000100   [2]  00 00
 (002.952992)  can0  140C0001   [2]  00 00
 (002.959841)  can0  02000100   [2]  00 00
 (002.969802)  can0  02000100   [2]  00 00
 (002.974433)  can0       00E   [8]  70 80 13 98 00 00 00 00
 (002.976026)  can0  0C140400   [1]  12
 (002.979853)  can0  02000100   [2]  00 00
 (002.989850)  can0  02000100   [2]  00 00
 (002.992891)  can0  0C140000   [1]  C0
 (002.999916)  can0  02000100   [2]  00 00
 (003.000908)  can0  03C30F0F   [7]  87 87 87 87 87 87 87
 (003.009846)  can0  02000100   [2]  00 00
 (003.019846)  can0  02000100   [2]  00 00
 (003.023818)  can0       00E   [8]  70 80 13 98 00 00 00 00
 (003.026211)  can0  0C140400   [1]  13
 (003.029828)  can0  02000100   [2]  00 00
 (003.039851)  can0  02000100   [2]  00 00
 (003.049930)  can0  02000100   [2]  00 00
 (003.059883)  can0  02000100   [2]  00 00
 (003.069856)  can0  02000100   [2]  00 00
 (003.074364)  can0       00E   [8]  70 80 13 98 00 00 00 00
 (003.076220)  can0  0C140400   [1]  54
 (003.079855)  can0  02000100   [2]  00 00
 (003.089851)  can0  02000100   [2]  00 00
 (003.092863)  can0  0C140000   [1]  C1
 (003.099992)  can0  02000100   [2]  00 00
 (003.100983)  can0  03C30F0F   [7]  87 87 87 87 87 87 87
 (003.109850)  can0  02000100   [2]  00 00
 (003.119841)  can0  02000100   [2]  00 00
 (003.123826)  can0       00E   [8]  70 80 13 98 00 00 00 00
 (003.126437)  can0  0C140400   [1]  55
 (003.129855)  can0  02000100   [2]  00 00
 (003.139844)  can0  02000100   [2]  00 00
 (003.149904)  can0  02000100   [2]  00 00
 (003.159885)  can0  02000100   [2]  00 00
 (003.162925)  can0  14300000   [2]  00 00
 (003.169879)  can0  02000100   [2]  00 00
 (003.174433)  can0       00E   [8]  70 80 13 98 00 00 00 00
 (003.176443)  can0  0C140400   [1]  D6
 (003.179844)  can0  02000100   [2]  00 00
 (003.189841)  can0  02000100   [2]  00 00
 (003.200001)  can0  02000100   [2]  00 00
 (003.200993)  can0  03C30F0F   [7]  87 87 87 87 87 87 87
 (003.202920)  can0  140C0001   [2]  00 00
 (003.209853)  can0  02000100   [2]  00 00
 (003.219851)  can0  02000100   [2]  00 00
 (003.223827)  can0       00E   [8]  70 80 13 98 00 00 00 00
 (003.226656)  can0  0C140400   [1]  D7
 (003.229844)  can0  02000100   [2]  00 00
 (003.239847)  can0  02000100   [2]  00 00
 (003.249824)  can0  02000100   [2]  00 00
 (003.259850)  can0  02000100   [2]  00 00
 (003.269902)  can0  02000100   [2]  00 00
 (003.274433)  can0       00E   [8]  70 80 13 98 00 00 00 00
 (003.276652)  can0  0C140400   [1]  D8
 (003.279818)  can0  02000100   [2]  00 00
 (003.289853)  can0  02000100   [2]  00 00
 (003.299996)  can0  02000100   [2]  00 00
 (003.300988)  can0  03C30F0F   [7]  87 87 87 87 87 87 87
 (003.309853)  can0  02000100   [2]  00 00
 (003.319846)  can0  02000100   [2]  00 00
 (003.323725)  can0       00E   [8]  70 80 13 98 00 00 00 00
 (003.326881)  can0  0C140400   [1]  D9
 (003.329850)  can0  02000100   [2]  00 00
 (003.339849)  can0  02000100   [2]  00 00
 (003.349908)  can0  02000100   [2]  00 00
 (003.352791)  can0  1C0C0000   [1]  50
 (003.359850)  can0  02000100   [2]  00 00
 (003.369853)  can0  02000100   [2]  00 00
 (003.374441)  can0       00E   [8]  70 80 13 98 00 00 00 00
 (003.376871)  can0  0C140400   [1]  DA
 (003.379884)  can0  02000100   [2]  00 00
 (003.389887)  can0  02000100   [2]  00 00
 (003.400001)  can0  02000100   [2]  00 00
 (003.400991)  can0  03C30F0F   [7]  87 87 87 87 87 87 87
 (003.409855)  can0  02000100   [2]  00 00
 (003.412854)  can0  14300000   [2]  00 00
 (003.419848)  can0  02000100   [2]  00 00
 (003.423819)  can0       00E   [8]  70 80 13 98 00 00 00 00
 (003.427099)  can0  0C140400   [1]  DB
 (003.429850)  can0  02000100   [2]  00 00
 (003.439851)  can0  02000100   [2]  00 00
 (003.449899)  can0  02000100   [2]  00 00
 (003.452859)  can0  140C0001   [2]  00 00
 (003.459851)  can0  02000100   [2]  00 00
 (003.469855)  can0  02000100   [2]  00 00
 (003.474444)  can0       00E   [8]  70 80 13 98 00 00 00 00
 (003.477089)  can0  0C140400   [1]  DC
 (003.479853)  can0  02000100   [2]  00 00
 (003.489879)  can0  02000100   [2]  00 00
 (003.499951)  can0  02000100   [2]  00 00
 (003.500943)  can0  03C30F0F   [7]  87 87 87 87 87 87 87
 (003.509849)  can0  02000100   [2]  00 00
 (003.519859)  can0  02000100   [2]  00 00
 (003.523833)  can0       00E   [8]  70 80 13 98 00 00 00 00
 (003.527295)  can0  0C140400   [1]  DD
 (003.529750)  can0  02000100   [2]  00 00
 (003.539853)  can0  02000100   [2]  00 00
 (003.549905)  can0  02000100   [2]  00 00
 (003.559830)  can0  02000100   [2]  00 00
 (003.569857)  can0  02000100   [2]  00 00
 (003.574360)  can0       00E   [8]  70 80 13 98 00 00 00 00
 (003.577307)  can0  0C140400   [1]  DE
 (003.579850)  can0  02000100   [2]  00 00
 (003.589862)  can0  02000100   [2]  00 00
 (003.600035)  can0  02000100   [2]  00 00
 (003.601027)  can0  03C30F0F   [7]  87 87 87 87 87 87 87
 (003.609888)  can0  02000100   [2]  00 00
 (003.619856)  can0  02000100   [2]  00 00
 (003.623830)  can0       00E   [8]  70 80 13 98 00 00 00 00
 (003.627523)  can0  0C140400   [1]  DF
 (003.629857)  can0  02000100   [2]  00 00
 (003.639850)  can0  02000100   [2]  00 00
 (003.649906)  can0  02000100   [2]  00 00
 (003.659859)  can0  02000100   [2]  00 00
 (003.662793)  can0  14300000   [2]  00 00
 (003.669862)  can0  02000100   [2]  00 00
 (003.674438)  can0       00E   [8]  70 80 13 98 00 00 00 00
 (003.679853)  can0  02000100   [2]  00 00
 (003.689854)  can0  02000100   [2]  00 00
 (003.700005)  can0  02000100   [2]  00 00
 (003.700998)  can0  03C30F0F   [7]  87 87 87 87 87 87 87
 (003.702788)  can0  140C0001   [2]  00 00
 (003.709894)  can0  02000100   [2]  00 00
 (003.719886)  can0  02000100   [2]  00 00
 (003.723830)  can0       00E   [8]  70 80 13 98 00 00 00 00
 (003.729860)  can0  02000100   [2]  00 00
 (003.739858)  can0  02000100   [2]  00 00
 (003.743224)  can0  1C300004   [8]  79 08 5D 00 2C 00 00 00
 (003.749905)  can0  02000100   [2]  00 00
 (003.759858)  can0  02000100   [2]  00 00
 (003.769861)  can0  02000100   [2]  00 00
 (003.774443)  can0       00E   [8]  70 80 13 98 00 00 00 00
 (003.779755)  can0  02000100   [2]  00 00
 (003.789864)  can0  02000100   [2]  00 00
 (003.800005)  can0  02000100   [2]  00 00
 (003.800996)  can0  03C30F0F   [7]  87 87 87 87 87 87 87
 (003.809789)  can0  02000100   [2]  00 00
 (003.819886)  can0  02000100   [2]  00 00
 (003.823830)  can0       00E   [8]  70 80 13 98 00 00 00 00
 (003.829890)  can0  02000100   [2]  00 00
 (003.839856)  can0  02000100   [2]  00 00
 (003.849904)  can0  02000100   [2]  00 00
 (003.859860)  can0  02000100   [2]  00 00
 (003.869862)  can0  02000100   [2]  00 00
 (003.874442)  can0       00E   [8]  70 80 13 98 00 00 00 00
 (003.877959)  can0  0C140400   [1]  10
 (003.879861)  can0  02000100   [2]  00 00
 (003.889864)  can0  02000100   [2]  00 00
 (003.900006)  can0  02000100   [2]  00 00
 (003.900999)  can0  03C30F0F   [7]  87 87 87 87 87 87 87
 (003.909857)  can0  02000100   [2]  00 00
 (003.912735)  can0  14300000   [2]  00 00
 (003.919856)  can0  02000100   [2]  00 00
 (003.923827)  can0       00E   [8]  70 80 13 98 00 00 00 00
 (003.928162)  can0  0C140400   [1]  51
 (003.929922)  can0  02000100   [2]  00 00
 (003.939891)  can0  02000100   [2]  00 00
 (003.949911)  can0  02000100   [2]  00 00
 (003.952732)  can0  140C0001   [2]  00 00
 (003.959860)  can0  02000100   [2]  00 00
 (003.969863)  can0  02000100   [2]  00 00
 (003.974446)  can0       00E   [8]  70 80 13 98 00 00 00 00
 (003.978159)  can0  0C140400   [1]  12
 (003.979878)  can0  02000100   [2]  00 00
 (003.989867)  can0  02000100   [2]  00 00
 (003.992622)  can0  0C140000   [1]  C0
 (004.000008)  can0  02000100   [2]  00 00
 (004.001000)  can0  03C30F0F   [7]  87 87 87 87 87 87 87
 (004.009860)  can0  02000100   [2]  00 00
 (004.019858)  can0  02000100   [2]  00 00
 (004.023834)  can0       00E   [8]  70 80 13 98 00 00 00 00
 (004.028375)  can0  0C140400   [1]  13
 (004.029845)  can0  02000100   [2]  00 00
 (004.039893)  can0  02000100   [2]  00 00
 (004.049944)  can0  02000100   [2]  00 00
 (004.059751)  can0  02000100   [2]  00 00
 (004.069860)  can0  02000100   [2]  00 00
 (004.074363)  can0       00E   [8]  70 80 13 98 00 00 00 00
 (004.078382)  can0  0C140400   [1]  54
 (004.079890)  can0  02000100   [2]  00 00
 (004.089846)  can0  02000100   [2]  00 00
 (004.092595)  can0  0C140000   [1]  C1
 (004.100012)  can0  02000100   [2]  00 00
 (004.101003)  can0  03C30F0F   [7]  87 87 87 87 87 87 87
 (004.109861)  can0  02000100   [2]  00 00
 (004.119862)  can0  02000100   [2]  00 00
 (004.123846)  can0       00E   [8]  70 80 13 98 00 00 00 00
 (004.128583)  can0  0C140400   [1]  55
 (004.129887)  can0  02000100   [2]  00 00
 (004.139858)  can0  02000100   [2]  00 00
 (004.149949)  can0  02000100   [2]  00 00
 (004.159889)  can0  02000100   [2]  00 00
 (004.162656)  can0  14300000   [2]  00 00
 (004.169869)  can0  02000100   [2]  00 00
 (004.174456)  can0       00E   [8]  70 80 13 98 00 00 00 00
 (004.178607)  can0  0C140400   [1]  D6
 (004.179894)  can0  02000100   [2]  00 00
 (004.189864)  can0  02000100   [2]  00 00
 (004.200008)  can0  02000100   [2]  00 00
 (004.200998)  can0  03C30F0F   [7]  87 87 87 87 87 87 87
 (004.202654)  can0  140C0001   [2]  00 00
 (004.209859)  can0  02000100   [2]  00 00
 (004.219865)  can0  02000100   [2]  00 00
 (004.223829)  can0       00E   [8]  70 80 13 98 00 00 00 00
 (004.228804)  can0  0C140400   [1]  D7
 (004.229889)  can0  02000100   [2]  00 00
 (004.239861)  can0  02000100   [2]  00 00
 (004.249916)  can0  02000100   [2]  00 00
 (004.259892)  can0  02000100   [2]  00 00
 (004.269897)  can0  02000100   [2]  00 00
 (004.274446)  can0       00E   [8]  70 80 13 98 00 00 00 00
 (004.278810)  can0  0C140400   [1]  D8
 (004.279887)  can0  02000100   [2]  00 00
 (004.289867)  can0  02000100   [2]  00 00
 (004.300010)  can0  02000100   [2]  00 00
 (004.301001)  can0  03C30F0F   [7]  87 87 87 87 87 87 87
 (004.309762)  can0  02000100   [2]  00 00
 (004.319860)  can0  02000100   [2]  00 00
 (004.323835)  can0       00E   [8]  70 80 13 98 00 00 00 00
 (004.329029)  can0  0C140400   [1]  D9
 (004.329893)  can0  02000100   [2]  00 00
 (004.339799)  can0  02000100   [2]  00 00
 (004.349915)  can0  02000100   [2]  00 00
 (004.352518)  can0  1C0C0000   [1]  50
 (004.359864)  can0  02000100   [2]  00 00
 (004.369888)  can0  02000100   [2]  00 00
 (004.374448)  can0       00E   [8]  70 80 13 98 00 00 00 00
 (004.379019)  can0  0C140400   [1]  DA
 (004.379923)  can0  02000100   [2]  00 00
 (004.389864)  can0  02000100   [2]  00 00
 (004.400017)  can0  02000100   [2]  00 00
 (004.401006)  can0  03C30F0F   [7]  87 87 87 87 87 87 87
 (004.409866)  can0  02000100   [2]  00 00
 (004.412591)  can0  14300000   [2]  00 00
 (004.419864)  can0  02000100   [2]  00 00
 (004.423844)  can0       00E   [8]  70 80 13 98 00 00 00 00
 (004.429250)  can0  0C140400   [1]  DB
 (004.429986)  can0  02000100   [2]  00 00
 (004.439860)  can0  02000100   [2]  00 00
 (004.449915)  can0  02000100   [2]  00 00
 (004.452594)  can0  140C0001   [2]  00 00
 (004.459868)  can0  02000100   [2]  00 00
 (004.469865)  can0  02000100   [2]  00 00
 (004.474452)  can0       00E   [8]  70 80 13 98 00 00 00 00
 (004.479235)  can0  0C140400   [1]  DC
 (004.479969)  can0  02000100   [2]  00 00
 (004.489906)  can0  02000100   [2]  00 00
 (004.500011)  can0  02000100   [2]  00 00
 (004.501001)  can0  03C30F0F   [7]  87 87 87 87 87 87 87
 (004.509867)  can0  02000100   [2]  00 00
 (004.519866)  can0  02000100   [2]  00 00
 (004.523844)  can0       00E   [8]  70 80 13 98 00 00 00 00
 (004.529446)  can0  0C140400   [1]  DD
 (004.530181)  can0  02000100   [2]  00 00
 (004.539864)  can0  02000100   [2]  00 00
 (004.549915)  can0  02000100   [2]  00 00
 (004.559824)  can0  02000100   [2]  00 00
 (004.569868)  can0  02000100   [2]  00 00
 (004.574457)  can0       00E   [8]  70 80 13 98 00 00 00 00
 (004.579460)  can0  0C140400   [1]  DE
 (004.580195)  can0  02000100   [2]  00 00
 (004.589812)  can0  02000100   [2]  00 00
 (004.600046)  can0  02000100   [2]  00 00
 (004.601037)  can0  03C30F0F   [7]  87 87 87 87 87 87 87
 (004.609870)  can0  02000100   [2]  00 00
 (004.619851)  can0  02000100   [2]  00 00
 (004.623850)  can0       00E   [8]  70 80 13 98 00 00 00 00
 (004.629670)  can0  0C140400   [1]  DF
 (004.630403)  can0  02000100   [2]  00 00
 (004.639869)  can0  02000100   [2]  00 00
 (004.649918)  can0  02000100   [2]  00 00
 (004.659870)  can0  02000100   [2]  00 00
 (004.662525)  can0  14300000   [2]  00 00
 (004.669873)  can0  02000100   [2]  00 00
 (004.674450)  can0       00E   [8]  70 80 13 98 00 00 00 00
 (004.679875)  can0  02000100   [2]  00 00
 (004.689874)  can0  02000100   [2]  00 00
 (004.700049)  can0  02000100   [2]  00 00
 (004.701042)  can0  03C30F0F   [7]  87 87 87 87 87 87 87
 (004.702520)  can0  140C0001   [2]  00 00
 (004.709898)  can0  02000100   [2]  00 00
 (004.719867)  can0  02000100   [2]  00 00
 (004.723842)  can0       00E   [8]  70 80 13 98 00 00 00 00
 (004.729870)  can0  02000100   [2]  00 00
 (004.739868)  can0  02000100   [2]  00 00
 (004.749920)  can0  02000100   [2]  00 00
 (004.752948)  can0  1C300004   [8]  79 08 5D 00 2C 00 00 00
 (004.759869)  can0  02000100   [2]  00 00
 (004.769870)  can0  02000100   [2]  00 00
 (004.774453)  can0       00E   [8]  70 80 13 98 00 00 00 00
 (004.779872)  can0  02000100   [2]  00 00
 (004.789869)  can0  02000100   [2]  00 00
 (004.800016)  can0  02000100   [2]  00 00
 (004.801008)  can0  03C30F0F   [7]  87 87 87 87 87 87 87
 (004.809898)  can0  02000100   [2]  00 00
 (004.819905)  can0  02000100   [2]  00 00
 (004.823851)  can0       00E   [8]  70 80 13 98 00 00 00 00
 (004.829870)  can0  02000100   [2]  00 00
 (004.839772)  can0  02000100   [2]  00 00
 (004.849916)  can0  02000100   [2]  00 00
 (004.859869)  can0  02000100   [2]  00 00
 (004.869809)  can0  02000100   [2]  00 00
 (004.874454)  can0       00E   [8]  70 80 13 98 00 00 00 00
 (004.879872)  can0  02000100   [2]  00 00
 (004.880518)  can0  0C140400   [1]  10
 (004.889879)  can0  02000100   [2]  00 00
 (004.900016)  can0  02000100   [2]  00 00
 (004.901008)  can0  03C30F0F   [7]  87 87 87 87 87 87 87
 (004.909876)  can0  02000100   [2]  00 00
 (004.912457)  can0  14300000   [2]  00 00
 (004.919907)  can0  02000100   [2]  00 00
 (004.923847)  can0       00E   [8]  70 80 13 98 00 00 00 00
 (004.929900)  can0  02000100   [2]  00 00
 (004.930546)  can0  0C140400   [1]  51
 (004.939868)  can0  02000100   [2]  00 00
 (004.949925)  can0  02000100   [2]  00 00
 (004.952452)  can0  140C0001   [2]  00 00
 (004.959868)  can0  02000100   [2]  00 00
 (004.969870)  can0  02000100   [2]  00 00
 (004.974453)  can0       00E   [8]  70 80 13 98 00 00 00 00
 (004.979871)  can0  02000100   [2]  00 00
 (004.980510)  can0  0C140400   [1]  12
 (004.989879)  can0  02000100   [2]  00 00
 (004.992367)  can0  0C140000   [1]  C0
 (005.000024)  can0  02000100   [2]  00 00
 (005.001033)  can0  03C30F0F   [7]  87 87 87 87 87 87 87
 (005.009903)  can0  02000100   [2]  00 00
 (005.019870)  can0  02000100   [2]  00 00
 (005.023852)  can0       00E   [8]  70 80 13 98 00 00 00 00
 (005.029913)  can0  02000100   [2]  00 00
 (005.030548)  can0  0C140400   [1]  13
 (005.039902)  can0  02000100   [2]  00 00
 (005.049927)  can0  02000100   [2]  00 00
 (005.059880)  can0  02000100   [2]  00 00
 (005.069873)  can0  02000100   [2]  00 00
 (005.074455)  can0       00E   [8]  70 80 13 98 00 00 00 00
 (005.079875)  can0  02000100   [2]  00 00
 (005.080536)  can0  0C140400   [1]  54
 (005.089837)  can0  02000100   [2]  00 00
 (005.092328)  can0  0C140000   [1]  C1
 (005.100018)  can0  02000100   [2]  00 00
 (005.101006)  can0  03C30F0F   [7]  87 87 87 87 87 87 87
 (005.109877)  can0  02000100   [2]  00 00
 (005.119772)  can0  02000100   [2]  00 00
 (005.123852)  can0       00E   [8]  70 80 13 98 00 00 00 00
 (005.129878)  can0  02000100   [2]  00 00
 (005.130748)  can0  0C140400   [1]  55
 (005.139901)  can0  02000100   [2]  00 00
 (005.149938)  can0  02000100   [2]  00 00
 (005.159871)  can0  02000100   [2]  00 00
 (005.162398)  can0  14300000   [2]  00 00
 (005.169878)  can0  02000100   [2]  00 00
 (005.174450)  can0       00E   [8]  70 80 13 98 00 00 00 00
 (005.179874)  can0  02000100   [2]  00 00
 (005.180760)  can0  0C140400   [1]  D6
 (005.189877)  can0  02000100   [2]  00 00
 (005.200026)  can0  02000100   [2]  00 00
 (005.201018)  can0  03C30F0F   [7]  87 87 87 87 87 87 87
 (005.202395)  can0  140C0001   [2]  00 00
 (005.209878)  can0  02000100   [2]  00 00
 (005.219876)  can0  02000100   [2]  00 00
 (005.223854)  can0       00E   [8]  70 80 13 98 00 00 00 00
 (005.229880)  can0  02000100   [2]  00 00
 (005.230965)  can0  0C140400   [1]  D7
 (005.239878)  can0  02000100   [2]  00 00
 (005.249960)  can0  02000100   [2]  00 00
 (005.259912)  can0  02000100   [2]  00 00
 (005.269881)  can0  02000100   [2]  00 00
 (005.274463)  can0       00E   [8]  70 80 13 98 00 00 00 00
 (005.279884)  can0  02000100   [2]  00 00
 (005.280962)  can0  0C140400   [1]  D8
 (005.289877)  can0  02000100   [2]  00 00
 (005.300019)  can0  02000100   [2]  00 00
 (005.301012)  can0  03C30F0F   [7]  87 87 87 87 87 87 87
 (005.309880)  can0  02000100   [2]  00 00
 (005.319877)  can0  02000100   [2]  00 00
 (005.323846)  can0       00E   [8]  70 80 13 98 00 00 00 00
 (005.329876)  can0  02000100   [2]  00 00
 (005.331190)  can0  0C140400   [1]  D9
 (005.339879)  can0  02000100   [2]  00 00
 (005.349931)  can0  02000100   [2]  00 00
 (005.352255)  can0  1C0C0000   [1]  50
 (005.359913)  can0  02000100   [2]  00 00
 (005.369825)  can0  02000100   [2]  00 00
 (005.374457)  can0       00E   [8]  70 80 13 98 00 00 00 00
 (005.379885)  can0  02000100   [2]  00 00
 (005.381179)  can0  0C140400   [1]  DA
 (005.389878)  can0  02000100   [2]  00 00
 (005.399951)  can0  02000100   [2]  00 00
 (005.400942)  can0  03C30F0F   [7]  87 87 87 87 87 87 87
 (005.409878)  can0  02000100   [2]  00 00
 (005.412325)  can0  14300000   [2]  00 00
 (005.419879)  can0  02000100   [2]  00 00
 (005.423853)  can0       00E   [8]  70 80 13 98 00 00 00 00
 (005.429880)  can0  02000100   [2]  00 00
 (005.431407)  can0  0C140400   [1]  DB
 (005.439874)  can0  02000100   [2]  00 00
 (005.449930)  can0  02000100   [2]  00 00
 (005.452321)  can0  140C0001   [2]  00 00
 (005.459873)  can0  02000100   [2]  00 00
 (005.469910)  can0  02000100   [2]  00 00
 (005.474459)  can0       00E   [8]  70 80 13 98 00 00 00 00
 (005.479918)  can0  02000100   [2]  00 00
 (005.481397)  can0  0C140400   [1]  DC
 (005.489885)  can0  02000100   [2]  00 00
 (005.500022)  can0  02000100   [2]  00 00
 (005.501014)  can0  03C30F0F   [7]  87 87 87 87 87 87 87
 (005.509881)  can0  02000100   [2]  00 00
 (005.519879)  can0  02000100   [2]  00 00
 (005.523856)  can0       00E   [8]  70 80 13 98 00 00 00 00
 (005.529875)  can0  02000100   [2]  00 00
 (005.531608)  can0  0C140400   [1]  DD
 (005.539874)  can0  02000100   [2]  00 00
 (005.549935)  can0  02000100   [2]  00 00
 (005.559877)  can0  02000100   [2]  00 00
 (005.569874)  can0  02000100   [2]  00 00
 (005.574469)  can0       00E   [8]  70 80 13 98 00 00 00 00
 (005.579901)  can0  02000100   [2]  00 00
 (005.581614)  can0  0C140400   [1]  DE
 (005.589914)  can0  02000100   [2]  00 00
 (005.600031)  can0  02000100   [2]  00 00
 (005.601023)  can0  03C30F0F   [7]  87 87 87 87 87 87 87
 (005.609881)  can0  02000100   [2]  00 00
 (005.619846)  can0  02000100   [2]  00 00
 (005.623860)  can0       00E   [8]  70 80 13 98 00 00 00 00
 (005.629887)  can0  02000100   [2]  00 00
 (005.631820)  can0  0C140400   [1]  DF
 (005.639877)  can0  02000100   [2]  00 00
 (005.649849)  can0  02000100   [2]  00 00
 (005.659878)  can0  02000100   [2]  00 00
 (005.662264)  can0  14300000   [2]  00 00
 (005.669883)  can0  02000100   [2]  00 00
 (005.674459)  can0       00E   [8]  70 80 13 98 00 00 00 00
 (005.679859)  can0  02000100   [2]  00 00
 (005.689924)  can0  02000100   [2]  00 00
 (005.700059)  can0  02000100   [2]  00 00
 (005.701050)  can0  03C30F0F   [7]  87 87 87 87 87 87 87
 (005.702264)  can0  140C0001   [2]  00 00
 (005.709886)  can0  02000100   [2]  00 00
 (005.719883)  can0  02000100   [2]  00 00
 (005.723763)  can0       00E   [8]  70 80 13 98 00 00 00 00
 (005.729884)  can0  02000100   [2]  00 00
 (005.739876)  can0  02000100   [2]  00 00
 (005.749935)  can0  02000100   [2]  00 00
 (005.759879)  can0  02000100   [2]  00 00
 (005.762685)  can0  1C300004   [8]  79 08 5D 00 2C 00 00 00
 (005.769886)  can0  02000100   [2]  00 00
 (005.774471)  can0       00E   [8]  70 80 13 98 00 00 00 00
 (005.779887)  can0  02000100   [2]  00 00
 (005.789884)  can0  02000100   [2]  00 00
 (005.800058)  can0  02000100   [2]  00 00
 (005.801048)  can0  03C30F0F   [7]  87 87 87 87 87 87 87
 (005.809914)  can0  02000100   [2]  00 00
 (005.819874)  can0  02000100   [2]  00 00
 (005.823859)  can0       00E   [8]  70 80 13 98 00 00 00 00
 (005.829887)  can0  02000100   [2]  00 00
 (005.839884)  can0  02000100   [2]  00 00
 (005.849932)  can0  02000100   [2]  00 00
 (005.859885)  can0  02000100   [2]  00 00
 (005.869886)  can0  02000100   [2]  00 00
 (005.874472)  can0       00E   [8]  70 80 13 98 00 00 00 00
 (005.879887)  can0  02000100   [2]  00 00
 (005.882257)  can0  0C140400   [1]  10
 (005.889882)  can0  02000100   [2]  00 00
 (005.899956)  can0  02000100   [2]  00 00
 (005.900947)  can0  03C30F0F   [7]  87 87 87 87 87 87 87
 (005.909919)  can0  02000100   [2]  00 00
 (005.912186)  can0  14300000   [2]  00 00
 (005.919916)  can0  02000100   [2]  00 00
 (005.923855)  can0       00E   [8]  70 80 13 98 00 00 00 00
 (005.929814)  can0  02000100   [2]  00 00
 (005.932461)  can0  0C140400   [1]  51
 (005.939887)  can0  02000100   [2]  00 00
 (005.949939)  can0  02000100   [2]  00 00
 (005.952191)  can0  140C0001   [2]  00 00
 (005.959880)  can0  02000100   [2]  00 00
 (005.969880)  can0  02000100   [2]  00 00
 (005.974384)  can0       00E   [8]  70 80 13 98 00 00 00 00
 (005.979882)  can0  02000100   [2]  00 00
 (005.982458)  can0  0C140400   [1]  12
 (005.989884)  can0  02000100   [2]  00 00
 (005.992093)  can0  0C140000   [1]  C0
 (006.000036)  can0  02000100   [2]  00 00
 (006.001028)  can0  03C30F0F   [7]  87 87 87 87 87 87 87
 (006.009885)  can0  02000100   [2]  00 00
 (006.019910)  can0  02000100   [2]  00 00
 (006.023863)  can0       00E   [8]  70 80 13 98 00 00 00 00
 (006.029922)  can0  02000100   [2]  00 00
 (006.032671)  can0  0C140400   [1]  13
 (006.039881)  can0  02000100   [2]  00 00
 (006.049937)  can0  02000100   [2]  00 00
 (006.059882)  can0  02000100   [2]  00 00
 (006.069887)  can0  02000100   [2]  00 00
 (006.074476)  can0       00E   [8]  70 80 13 98 00 00 00 00
 (006.079885)  can0  02000100   [2]  00 00
 (006.082677)  can0  0C140400   [1]  54
 (006.089886)  can0  02000100   [2]  00 00
 (006.092055)  can0  0C140000   [1]  C1
 (006.100030)  can0  02000100   [2]  00 00
 (006.101029)  can0  03C30F0F   [7]  87 87 87 87 87 87 87
 (006.109885)  can0  02000100   [2]  00 00
 (006.119890)  can0  02000100   [2]  00 00
 (006.123866)  can0       00E   [8]  70 80 13 98 00 00 00 00
 (006.129914)  can0  02000100   [2]  00 00
 (006.132883)  can0  0C140400   [1]  55
 (006.139917)  can0  02000100   [2]  00 00
 (006.149897)  can0  02000100   [2]  00 00
 (006.159886)  can0  02000100   [2]  00 00
 (006.162125)  can0  14300000   [2]  00 00
 (006.169887)  can0  02000100   [2]  00 00
 (006.174467)  can0       00E   [8]  70 80 13 98 00 00 00 00
 (006.179784)  can0  02000100   [2]  00 00
 (006.182896)  can0  0C140400   [1]  D6
 (006.189892)  can0  02000100   [2]  00 00
 (006.200035)  can0  02000100   [2]  00 00
 (006.201026)  can0  03C30F0F   [7]  87 87 87 87 87 87 87
 (006.202122)  can0  140C0001   [2]  00 00
 (006.209859)  can0  02000100   [2]  00 00
 (006.219892)  can0  02000100   [2]  00 00
 (006.223788)  can0       00E   [8]  70 80 13 98 00 00 00 00
 (006.229888)  can0  02000100   [2]  00 00
 (006.233103)  can0  0C140400   [1]  D7
 (006.239911)  can0  02000100   [2]  00 00
 (006.249969)  can0  02000100   [2]  00 00
 (006.259888)  can0  02000100   [2]  00 00
 (006.269886)  can0  02000100   [2]  00 00
 (006.274475)  can0       00E   [8]  70 80 13 98 00 00 00 00
 (006.279890)  can0  02000100   [2]  00 00
 (006.283107)  can0  0C140400   [1]  D8
 (006.289892)  can0  02000100   [2]  00 00
 (006.300038)  can0  02000100   [2]  00 00
 (006.301026)  can0  03C30F0F   [7]  87 87 87 87 87 87 87
 (006.309889)  can0  02000100   [2]  00 00
 (006.319887)  can0  02000100   [2]  00 00
 (006.323864)  can0       00E   [8]  70 80 13 98 00 00 00 00
 (006.329888)  can0  02000100   [2]  00 00
 (006.333329)  can0  0C140400   [1]  D9
 (006.339890)  can0  02000100   [2]  00 00
 (006.349975)  can0  02000100   [2]  00 00
 (006.351986)  can0  1C0C0000   [1]  50
 (006.359923)  can0  02000100   [2]  00 00
 (006.369892)  can0  02000100   [2]  00 00
 (006.374477)  can0       00E   [8]  70 80 13 98 00 00 00 00
 (006.379885)  can0  02000100   [2]  00 00
 (006.383318)  can0  0C140400   [1]  DA
 (006.389889)  can0  02000100   [2]  00 00
 (006.400035)  can0  02000100   [2]  00 00
 (006.401025)  can0  03C30F0F   [7]  87 87 87 87 87 87 87
 (006.409890)  can0  02000100   [2]  00 00
 (006.412057)  can0  14300000   [2]  00 00
 (006.419891)  can0  02000100   [2]  00 00
 (006.423862)  can0       00E   [8]  70 80 13 98 00 00 00 00
 (006.429789)  can0  02000100   [2]  00 00
 (006.433548)  can0  0C140400   [1]  DB
 (006.439885)  can0  02000100   [2]  00 00
 (006.449942)  can0  02000100   [2]  00 00
 (006.452053)  can0  140C0001   [2]  00 00
 (006.459855)  can0  02000100   [2]  00 00
 (006.469923)  can0  02000100   [2]  00 00
 (006.474391)  can0       00E   [8]  70 80 13 98 00 00 00 00
 (006.479887)  can0  02000100   [2]  00 00
 (006.483537)  can0  0C140400   [1]  DC
 (006.489891)  can0  02000100   [2]  00 00
 (006.500046)  can0  02000100   [2]  00 00
 (006.501029)  can0  03C30F0F   [7]  87 87 87 87 87 87 87
 (006.509896)  can0  02000100   [2]  00 00
 (006.519894)  can0  02000100   [2]  00 00
 (006.523869)  can0       00E   [8]  70 80 13 98 00 00 00 00
 (006.529894)  can0  02000100   [2]  00 00
 (006.533743)  can0  0C140400   [1]  DD
 (006.539889)  can0  02000100   [2]  00 00
 (006.549947)  can0  02000100   [2]  00 00
 (006.559882)  can0  02000100   [2]  00 00
 (006.569922)  can0  02000100   [2]  00 00
 (006.574481)  can0       00E   [8]  70 80 13 98 00 00 00 00
 (006.579926)  can0  02000100   [2]  00 00
 (006.583758)  can0  0C140400   [1]  DE
 (006.589890)  can0  02000100   [2]  00 00
 (006.600052)  can0  02000100   [2]  00 00
 (006.601032)  can0  03C30F0F   [7]  87 87 87 87 87 87 87
 (006.609890)  can0  02000100   [2]  00 00
 (006.619892)  can0  02000100   [2]  00 00
 (006.623868)  can0       00E   [8]  70 80 13 98 00 00 00 00
 (006.629892)  can0  02000100   [2]  00 00
 (006.633975)  can0  0C140400   [1]  DF
 (006.639894)  can0  02000100   [2]  00 00
 (006.649943)  can0  02000100   [2]  00 00
 (006.659895)  can0  02000100   [2]  00 00
 (006.661990)  can0  14300000   [2]  00 00
 (006.669887)  can0  02000100   [2]  00 00
 (006.674476)  can0       00E   [8]  70 80 13 98 00 00 00 00
 (006.679881)  can0  02000100   [2]  00 00
 (006.689921)  can0  02000100   [2]  00 00
 (006.700053)  can0  02000100   [2]  00 00
 (006.701035)  can0  03C30F0F   [7]  87 87 87 87 87 87 87
 (006.701985)  can0  140C0001   [2]  00 00
 (006.709788)  can0  02000100   [2]  00 00
 (006.719891)  can0  02000100   [2]  00 00
 (006.723875)  can0       00E   [8]  70 80 13 98 00 00 00 00
 (006.729892)  can0  02000100   [2]  00 00
 (006.739868)  can0  02000100   [2]  00 00
 (006.749945)  can0  02000100   [2]  00 00
 (006.759894)  can0  02000100   [2]  00 00
 (006.769885)  can0  02000100   [2]  00 00
 (006.772412)  can0  1C300004   [8]  79 08 5D 00 2C 00 00 00
 (006.774517)  can0       00E   [8]  70 80 13 98 00 00 00 00
 (006.779894)  can0  02000100   [2]  00 00
 (006.789934)  can0  02000100   [2]  00 00
 (006.800087)  can0  02000100   [2]  00 00
 (006.801067)  can0  03C30F0F   [7]  87 87 87 87 87 87 87
 (006.809899)  can0  02000100   [2]  00 00
 (006.819899)  can0  02000100   [2]  00 00
 (006.823876)  can0       00E   [8]  70 80 13 98 00 00 00 00
 (006.829896)  can0  02000100   [2]  00 00
 (006.839894)  can0  02000100   [2]  00 00
 (006.849942)  can0  02000100   [2]  00 00
 (006.859895)  can0  02000100   [2]  00 00
 (006.869901)  can0  02000100   [2]  00 00
 (006.874488)  can0       00E   [8]  70 80 13 98 00 00 00 00
 (006.879896)  can0  02000100   [2]  00 00
 (006.884402)  can0  0C140400   [1]  10
 (006.889899)  can0  02000100   [2]  00 00
 (006.900089)  can0  02000100   [2]  00 00
 (006.901070)  can0  03C30F0F   [7]  87 87 87 87 87 87 87
 (006.909928)  can0  02000100   [2]  00 00
 (006.911932)  can0  14300000   [2]  00 00
 (006.919894)  can0  02000100   [2]  00 00
 (006.923865)  can0       00E   [8]  70 80 13 98 00 00 00 00
 (006.929897)  can0  02000100   [2]  00 00
 (006.934616)  can0  0C140400   [1]  51
 (006.939898)  can0  02000100   [2]  00 00
 (006.949951)  can0  02000100   [2]  00 00
 (006.951929)  can0  140C0001   [2]  00 00
 (006.959794)  can0  02000100   [2]  00 00
 (006.969892)  can0  02000100   [2]  00 00
 (006.974468)  can0       00E   [8]  70 80 13 98 00 00 00 00
 (006.979892)  can0  02000100   [2]  00 00
 (006.984614)  can0  0C140400   [1]  12
 (006.989827)  can0  02000100   [2]  00 00
 (006.991823)  can0  0C140000   [1]  C0
 (007.000048)  can0  02000100   [2]  00 00
 (007.001039)  can0  03C30F0F   [7]  87 87 87 87 87 87 87
 (007.009928)  can0  02000100   [2]  00 00
 (007.019929)  can0  02000100   [2]  00 00
 (007.023873)  can0       00E   [8]  70 80 13 98 00 00 00 00
 (007.029898)  can0  02000100   [2]  00 00
 (007.034822)  can0  0C140400   [1]  13
 (007.039901)  can0  02000100   [2]  00 00
 (007.049951)  can0  02000100   [2]  00 00
 (007.059894)  can0  02000100   [2]  00 00
 (007.069898)  can0  02000100   [2]  00 00
 (007.074487)  can0       00E   [8]  70 80 13 98 00 00 00 00
 (007.079896)  can0  02000100   [2]  00 00
 (007.084826)  can0  0C140400   [1]  54
 (007.089900)  can0  02000100   [2]  00 00
 (007.091794)  can0  0C140000   [1]  C1
 (007.100044)  can0  02000100   [2]  00 00
 (007.101037)  can0  03C30F0F   [7]  87 87 87 87 87 87 87
 (007.109904)  can0  02000100   [2]  00 00
 (007.119926)  can0  02000100   [2]  00 00
 (007.123878)  can0       00E   [8]  70 80 13 98 00 00 00 00
 (007.129927)  can0  02000100   [2]  00 00
 (007.135041)  can0  0C140400   [1]  55
 (007.139898)  can0  02000100   [2]  00 00
 (007.149956)  can0  02000100   [2]  00 00
 (007.159899)  can0  02000100   [2]  00 00
 (007.161864)  can0  14300000   [2]  00 00
 (007.169900)  can0  02000100   [2]  00 00
 (007.174479)  can0       00E   [8]  70 80 13 98 00 00 00 00
 (007.179898)  can0  02000100   [2]  00 00
 (007.185043)  can0  0C140400   [1]  D6
 (007.189897)  can0  02000100   [2]  00 00
 (007.200049)  can0  02000100   [2]  00 00
 (007.201041)  can0  03C30F0F   [7]  87 87 87 87 87 87 87
 (007.201912)  can0  140C0001   [2]  00 00
 (007.209864)  can0  02000100   [2]  00 00
 (007.219898)  can0  02000100   [2]  00 00
 (007.223874)  can0       00E   [8]  70 80 13 98 00 00 00 00
 (007.229944)  can0  02000100   [2]  00 00
 (007.235254)  can0  0C140400   [1]  D7
 (007.239847)  can0  02000100   [2]  00 00
 (007.249951)  can0  02000100   [2]  00 00
 (007.259904)  can0  02000100   [2]  00 00
 (007.269876)  can0  02000100   [2]  00 00
 (007.274480)  can0       00E   [8]  70 80 13 98 00 00 00 00
 (007.279897)  can0  02000100   [2]  00 00
 (007.285252)  can0  0C140400   [1]  D8
 (007.289901)  can0  02000100   [2]  00 00
 (007.300053)  can0  02000100   [2]  00 00
 (007.301047)  can0  03C30F0F   [7]  87 87 87 87 87 87 87
 (007.309906)  can0  02000100   [2]  00 00
 (007.319895)  can0  02000100   [2]  00 00
 (007.323879)  can0       00E   [8]  70 80 13 98 00 00 00 00
 (007.329896)  can0  02000100   [2]  00 00
 (007.335482)  can0  0C140400   [1]  D9
 (007.339932)  can0  02000100   [2]  00 00
 (007.349981)  can0  02000100   [2]  00 00
 (007.351725)  can0  1C0C0000   [1]  50
 (007.359900)  can0  02000100   [2]  00 00
 (007.369901)  can0  02000100   [2]  00 00
 (007.374485)  can0       00E   [8]  70 80 13 98 00 00 00 00
 (007.379901)  can0  02000100   [2]  00 00
 (007.385472)  can0  0C140400   [1]  DA
 (007.389907)  can0  02000100   [2]  00 00
 (007.400053)  can0  02000100   [2]  00 00
 (007.401044)  can0  03C30F0F   [7]  87 87 87 87 87 87 87
 (007.409900)  can0  02000100   [2]  00 00
 (007.411787)  can0  14300000   [2]  00 00
 (007.419900)  can0  02000100   [2]  00 00
 (007.423872)  can0       00E   [8]  70 80 13 98 00 00 00 00
 (007.429902)  can0  02000100   [2]  00 00
 (007.435696)  can0  0C140400   [1]  DB
 (007.439903)  can0  02000100   [2]  00 00
 (007.449984)  can0  02000100   [2]  00 00
 (007.451791)  can0  140C0001   [2]  00 00
 (007.459929)  can0  02000100   [2]  00 00
 (007.469910)  can0  02000100   [2]  00 00
 (007.474489)  can0       00E   [8]  70 80 13 98 00 00 00 00
 (007.479899)  can0  02000100   [2]  00 00
 (007.485685)  can0  0C140400   [1]  DC
 (007.489800)  can0  02000100   [2]  00 00
 (007.500046)  can0  02000100   [2]  00 00
 (007.501039)  can0  03C30F0F   [7]  87 87 87 87 87 87 87
 (007.509907)  can0  02000100   [2]  00 00
 (007.519800)  can0  02000100   [2]  00 00
 (007.523880)  can0       00E   [8]  70 80 13 98 00 00 00 00
 (007.529906)  can0  02000100   [2]  00 00
 (007.535891)  can0  0C140400   [1]  DD
 (007.539900)  can0  02000100   [2]  00 00
 (007.549961)  can0  02000100   [2]  00 00
 (007.559933)  can0  02000100   [2]  00 00
 (007.569934)  can0  02000100   [2]  00 00
 (007.574485)  can0       00E   [8]  70 80 13 98 00 00 00 00
 (007.579903)  can0  02000100   [2]  00 00
 (007.585907)  can0  0C140400   [1]  DE
 (007.589901)  can0  02000100   [2]  00 00
 (007.600051)  can0  02000100   [2]  00 00
 (007.601054)  can0  03C30F0F   [7]  87 87 87 87 87 87 87
 (007.609901)  can0  02000100   [2]  00 00
 (007.619902)  can0  02000100   [2]  00 00
 (007.623885)  can0       00E   [8]  70 80 13 98 00 00 00 00
 (007.629905)  can0  02000100   [2]  00 00
 (007.636120)  can0  0C140400   [1]  DF
 (007.639897)  can0  02000100   [2]  00 00
 (007.649960)  can0  02000100   [2]  00 00
 (007.659908)  can0  02000100   [2]  00 00
 (007.661723)  can0  14300000   [2]  00 00
 (007.669945)  can0  02000100   [2]  00 00
 (007.674488)  can0       00E   [8]  70 80 13 98 00 00 00 00
 (007.679934)  can0  02000100   [2]  00 00
 (007.689903)  can0  02000100   [2]  00 00
 (007.700054)  can0  02000100   [2]  00 00
 (007.701056)  can0  03C30F0F   [7]  87 87 87 87 87 87 87
 (007.701776)  can0  140C0001   [2]  00 00
 (007.709908)  can0  02000100   [2]  00 00
 (007.719905)  can0  02000100   [2]  00 00
 (007.723881)  can0       00E   [8]  70 80 13 98 00 00 00 00
 (007.729906)  can0  02000100   [2]  00 00
 (007.739875)  can0  02000100   [2]  00 00
 (007.749958)  can0  02000100   [2]  00 00
 (007.759908)  can0  02000100   [2]  00 00
 (007.769805)  can0  02000100   [2]  00 00
 (007.774492)  can0       00E   [8]  70 80 13 98 00 00 00 00
 (007.779934)  can0  02000100   [2]  00 00
 (007.782149)  can0  1C300004   [8]  79 08 5D 00 2C 00 00 00
 (007.789945)  can0  02000100   [2]  00 00
 (007.800031)  can0  02000100   [2]  00 00
 (007.801022)  can0  03C30F0F   [7]  87 87 87 87 87 87 87
 (007.809913)  can0  02000100   [2]  00 00
 (007.819904)  can0  02000100   [2]  00 00
 (007.823881)  can0       00E   [8]  70 80 13 98 00 00 00 00
 (007.829909)  can0  02000100   [2]  00 00
 (007.839914)  can0  02000100   [2]  00 00
 (007.849964)  can0  02000100   [2]  00 00
 (007.859908)  can0  02000100   [2]  00 00
 (007.869912)  can0  02000100   [2]  00 00
 (007.874492)  can0       00E   [8]  70 80 13 98 00 00 00 00
 (007.879909)  can0  02000100   [2]  00 00
 (007.886556)  can0  0C140400   [1]  10
 (007.889936)  can0  02000100   [2]  00 00
 (007.900090)  can0  02000100   [2]  00 00
 (007.901083)  can0  03C30F0F   [7]  87 87 87 87 87 87 87
 (007.909911)  can0  02000100   [2]  00 00
 (007.911658)  can0  14300000   [2]  00 00
 (007.919907)  can0  02000100   [2]  00 00
 (007.923879)  can0       00E   [8]  70 80 13 98 00 00 00 00
 (007.929910)  can0  02000100   [2]  00 00
 (007.936771)  can0  0C140400   [1]  51
 (007.939904)  can0  02000100   [2]  00 00
 (007.949965)  can0  02000100   [2]  00 00
 (007.951657)  can0  140C0001   [2]  00 00
 (007.959905)  can0  02000100   [2]  00 00
 (007.969906)  can0  02000100   [2]  00 00
 (007.974498)  can0       00E   [8]  70 80 13 98 00 00 00 00
 (007.979916)  can0  02000100   [2]  00 00
 (007.986762)  can0  0C140400   [1]  12
 (007.989902)  can0  02000100   [2]  00 00
 (007.991558)  can0  0C140000   [1]  C0
 (008.000090)  can0  02000100   [2]  00 00
 (008.001081)  can0  03C30F0F   [7]  87 87 87 87 87 87 87
 (008.009939)  can0  02000100   [2]  00 00
 (008.019802)  can0  02000100   [2]  00 00
 (008.023882)  can0       00E   [8]  70 80 13 98 00 00 00 00
 (008.029910)  can0  02000100   [2]  00 00
 (008.036976)  can0  0C140400   [1]  13
 (008.039910)  can0  02000100   [2]  00 00
 (008.049888)  can0  02000100   [2]  00 00
 (008.059912)  can0  02000100   [2]  00 00
 (008.069914)  can0  02000100   [2]  00 00
 (008.074497)  can0       00E   [8]  70 80 13 98 00 00 00 00
 (008.079905)  can0  02000100   [2]  00 00
 (008.086976)  can0  0C140400   [1]  54
 (008.089908)  can0  02000100   [2]  00 00
 (008.091524)  can0  0C140000   [1]  C1
 (008.100054)  can0  02000100   [2]  00 00
 (008.101046)  can0  03C30F0F   [7]  87 87 87 87 87 87 87
 (008.109958)  can0  02000100   [2]  00 00
 (008.119945)  can0  02000100   [2]  00 00
 (008.123888)  can0       00E   [8]  70 80 13 98 00 00 00 00
 (008.129912)  can0  02000100   [2]  00 00
 (008.137192)  can0  0C140400   [1]  55
 (008.139908)  can0  02000100   [2]  00 00
 (008.149970)  can0  02000100   [2]  00 00
 (008.159909)  can0  02000100   [2]  00 00
 (008.161606)  can0  14300000   [2]  00 00
 (008.169910)  can0  02000100   [2]  00 00
 (008.174498)  can0       00E   [8]  70 80 13 98 00 00 00 00
 (008.179914)  can0  02000100   [2]  00 00
 (008.187200)  can0  0C140400   [1]  D6
 (008.189915)  can0  02000100   [2]  00 00
 (008.200061)  can0  02000100   [2]  00 00
 (008.201052)  can0  03C30F0F   [7]  87 87 87 87 87 87 87
 (008.201780)  can0  140C0001   [2]  00 00
 (008.209909)  can0  02000100   [2]  00 00
 (008.219943)  can0  02000100   [2]  00 00
 (008.223886)  can0       00E   [8]  70 80 13 98 00 00 00 00
 (008.229946)  can0  02000100   [2]  00 00
 (008.237404)  can0  0C140400   [1]  D7
 (008.239908)  can0  02000100   [2]  00 00
 (008.249965)  can0  02000100   [2]  00 00
 (008.259917)  can0  02000100   [2]  00 00
 (008.269880)  can0  02000100   [2]  00 00
 (008.274501)  can0       00E   [8]  70 80 13 98 00 00 00 00
 (008.279910)  can0  02000100   [2]  00 00
 (008.287404)  can0  0C140400   [1]  D8
 (008.289906)  can0  02000100   [2]  00 00
 (008.299980)  can0  02000100   [2]  00 00
 (008.300971)  can0  03C30F0F   [7]  87 87 87 87 87 87 87
 (008.309919)  can0  02000100   [2]  00 00
 (008.319917)  can0  02000100   [2]  00 00
 (008.323893)  can0       00E   [8]  70 80 13 98 00 00 00 00
 (008.329918)  can0  02000100   [2]  00 00
 (008.337633)  can0  0C140400   [1]  D9
 (008.339946)  can0  02000100   [2]  00 00
 (008.349974)  can0  02000100   [2]  00 00
 (008.351459)  can0  1C0C0000   [1]  50
 (008.359915)  can0  02000100   [2]  00 00
 (008.369908)  can0  02000100   [2]  00 00
 (008.374419)  can0       00E   [8]  70 80 13 98 00 00 00 00
 (008.379917)  can0  02000100   [2]  00 00
 (008.387616)  can0  0C140400   [1]  DA
 (008.389910)  can0  02000100   [2]  00 00
 (008.400068)  can0  02000100   [2]  00 00
 (008.401057)  can0  03C30F0F   [7]  87 87 87 87 87 87 87
 (008.409915)  can0  02000100   [2]  00 00
 (008.411523)  can0  14300000   [2]  00 00
 (008.419915)  can0  02000100   [2]  00 00
 (008.423887)  can0       00E   [8]  70 80 13 98 00 00 00 00
 (008.429908)  can0  02000100   [2]  00 00
 (008.437850)  can0  0C140400   [1]  DB
 (008.439943)  can0  02000100   [2]  00 00
 (008.449999)  can0  02000100   [2]  00 00
 (008.451518)  can0  140C0001   [2]  00 00
 (008.459913)  can0  02000100   [2]  00 00
 (008.469916)  can0  02000100   [2]  00 00
 (008.474504)  can0       00E   [8]  70 80 13 98 00 00 00 00
 (008.479914)  can0  02000100   [2]  00 00
 (008.487830)  can0  0C140400   [1]  DC
 (008.489918)  can0  02000100   [2]  00 00
 (008.500063)  can0  02000100   [2]  00 00
 (008.501054)  can0  03C30F0F   [7]  87 87 87 87 87 87 87
 (008.509914)  can0  02000100   [2]  00 00
 (008.519914)  can0  02000100   [2]  00 00
 (008.523888)  can0       00E   [8]  70 80 13 98 00 00 00 00
 (008.529914)  can0  02000100   [2]  00 00
 (008.538044)  can0  0C140400   [1]  DD
 (008.539917)  can0  02000100   [2]  00 00
 (008.549929)  can0  02000100   [2]  00 00
 (008.559951)  can0  02000100   [2]  00 00
 (008.569919)  can0  02000100   [2]  00 00
 (008.574502)  can0       00E   [8]  70 80 13 98 00 00 00 00
 (008.579848)  can0  02000100   [2]  00 00
 (008.588052)  can0  0C140400   [1]  DE
 (008.589915)  can0  02000100   [2]  00 00
 (008.600063)  can0  02000100   [2]  00 00
 (008.601052)  can0  03C30F0F   [7]  87 87 87 87 87 87 87
 (008.609917)  can0  02000100   [2]  00 00
 (008.619922)  can0  02000100   [2]  00 00
 (008.623793)  can0       00E   [8]  70 80 13 98 00 00 00 00
 (008.629921)  can0  02000100   [2]  00 00
 (008.638272)  can0  0C140400   [1]  DF
 (008.639940)  can0  02000100   [2]  00 00
 (008.649966)  can0  02000100   [2]  00 00
 (008.659942)  can0  02000100   [2]  00 00
 (008.661462)  can0  14300000   [2]  00 00
 (008.669956)  can0  02000100   [2]  00 00
 (008.674499)  can0       00E   [8]  70 80 13 98 00 00 00 00
 (008.679922)  can0  02000100   [2]  00 00
 (008.689922)  can0  02000100   [2]  00 00
 (008.700075)  can0  02000100   [2]  00 00
 (008.701066)  can0  03C30F0F   [7]  87 87 87 87 87 87 87
 (008.701794)  can0  140C0001   [2]  00 00
 (008.709916)  can0  02000100   [2]  00 00
 (008.719916)  can0  02000100   [2]  00 00
 (008.723899)  can0       00E   [8]  70 80 13 98 00 00 00 00
 (008.729917)  can0  02000100   [2]  00 00
 (008.739918)  can0  02000100   [2]  00 00
 (008.749978)  can0  02000100   [2]  00 00
 (008.759920)  can0  02000100   [2]  00 00
 (008.769952)  can0  02000100   [2]  00 00
 (008.774503)  can0       00E   [8]  70 80 13 98 00 00 00 00
 (008.779945)  can0  02000100   [2]  00 00
 (008.789960)  can0  02000100   [2]  00 00
 (008.791875)  can0  1C300004   [8]  79 08 5D 00 2C 00 00 00
 (008.800011)  can0  02000100   [2]  00 00
 (008.801001)  can0  03C30F0F   [7]  87 87 87 87 87 87 87
 (008.809916)  can0  02000100   [2]  00 00
 (008.819924)  can0  02000100   [2]  00 00
 (008.823892)  can0       00E   [8]  70 80 13 98 00 00 00 00
 (008.829822)  can0  02000100   [2]  00 00
 (008.839918)  can0  02000100   [2]  00 00
 (008.849974)  can0  02000100   [2]  00 00
 (008.859894)  can0  02000100   [2]  00 00
 (008.869921)  can0  02000100   [2]  00 00
 (008.874424)  can0       00E   [8]  70 80 13 98 00 00 00 00
 (008.879954)  can0  02000100   [2]  00 00
 (008.888701)  can0  0C140400   [1]  10
 (008.889980)  can0  02000100   [2]  00 00
 (008.900071)  can0  02000100   [2]  00 00
 (008.901063)  can0  03C30F0F   [7]  87 87 87 87 87 87 87
 (008.909922)  can0  02000100   [2]  00 00
 (008.911389)  can0  14300000   [2]  00 00
 (008.919942)  can0  02000100   [2]  00 00
 (008.923901)  can0       00E   [8]  70 80 13 98 00 00 00 00
 (008.929922)  can0  02000100   [2]  00 00
 (008.938916)  can0  0C140400   [1]  51
 (008.939950)  can0  02000100   [2]  00 00
 (008.949976)  can0  02000100   [2]  00 00
 (008.951388)  can0  140C0001   [2]  00 00
 (008.959918)  can0  02000100   [2]  00 00
 (008.969920)  can0  02000100   [2]  00 00
 (008.974510)  can0       00E   [8]  70 80 13 98 00 00 00 00
 (008.979920)  can0  02000100   [2]  00 00
 (008.988911)  can0  0C140400   [1]  12
 (008.989979)  can0  02000100   [2]  00 00
 (008.991291)  can0  0C140000   [1]  C0
 (009.000101)  can0  02000100   [2]  00 00
 (009.001092)  can0  03C30F0F   [7]  87 87 87 87 87 87 87
 (009.009919)  can0  02000100   [2]  00 00
 (009.019919)  can0  02000100   [2]  00 00
 (009.023909)  can0       00E   [8]  70 80 13 98 00 00 00 00
 (009.029924)  can0  02000100   [2]  00 00
 (009.039122)  can0  0C140400   [1]  13
 (009.039959)  can0  02000100   [2]  00 00
 (009.049976)  can0  02000100   [2]  00 00
 (009.059929)  can0  02000100   [2]  00 00
 (009.069934)  can0  02000100   [2]  00 00
 (009.074514)  can0       00E   [8]  70 80 13 98 00 00 00 00
 (009.079819)  can0  02000100   [2]  00 00
 (009.089126)  can0  0C140400   [1]  54
 (009.089960)  can0  02000100   [2]  00 00
 (009.091263)  can0  0C140000   [1]  C1
 (009.100112)  can0  02000100   [2]  00 00
 (009.101184)  can0  03C30F0F   [7]  87 87 87 87 87 87 87
 (009.109881)  can0  02000100   [2]  00 00
 (009.119930)  can0  02000100   [2]  00 00
 (009.123906)  can0       00E   [8]  70 80 13 98 00 00 00 00
 (009.129932)  can0  02000100   [2]  00 00
 (009.139335)  can0  0C140400   [1]  55
 (009.140071)  can0  02000100   [2]  00 00
 (009.149979)  can0  02000100   [2]  00 00
 (009.159929)  can0  02000100   [2]  00 00
 (009.161328)  can0  14300000   [2]  00 00
 (009.169930)  can0  02000100   [2]  00 00
 (009.174501)  can0       00E   [8]  70 80 13 98 00 00 00 00
 (009.179923)  can0  02000100   [2]  00 00
 (009.189352)  can0  0C140400   [1]  D6
 (009.190088)  can0  02000100   [2]  00 00
 (009.200085)  can0  02000100   [2]  00 00
 (009.201073)  can0  03C30F0F   [7]  87 87 87 87 87 87 87
 (009.201800)  can0  140C0001   [2]  00 00
 (009.209962)  can0  02000100   [2]  00 00
 (009.219955)  can0  02000100   [2]  00 00
 (009.223915)  can0       00E   [8]  70 80 13 98 00 00 00 00
 (009.229933)  can0  02000100   [2]  00 00
 (009.239557)  can0  0C140400   [1]  D7
 (009.240287)  can0  02000100   [2]  00 00
 (009.249977)  can0  02000100   [2]  00 00
 (009.259930)  can0  02000100   [2]  00 00
 (009.269928)  can0  02000100   [2]  00 00
 (009.274513)  can0       00E   [8]  70 80 13 98 00 00 00 00
 (009.279931)  can0  02000100   [2]  00 00
 (009.289559)  can0  0C140400   [1]  D8
 (009.290295)  can0  02000100   [2]  00 00
 (009.300093)  can0  02000100   [2]  00 00
 (009.301074)  can0  03C30F0F   [7]  87 87 87 87 87 87 87
 (009.309930)  can0  02000100   [2]  00 00
 (009.319962)  can0  02000100   [2]  00 00
 (009.323906)  can0       00E   [8]  70 80 13 98 00 00 00 00
 (009.329923)  can0  02000100   [2]  00 00
 (009.339784)  can0  0C140400   [1]  D9
 (009.340519)  can0  02000100   [2]  00 00
 (009.349987)  can0  02000100   [2]  00 00
 (009.351192)  can0  1C0C0000   [1]  50
 (009.359833)  can0  02000100   [2]  00 00
 (009.369930)  can0  02000100   [2]  00 00
 (009.374442)  can0       00E   [8]  70 80 13 98 00 00 00 00
 (009.379931)  can0  02000100   [2]  00 00
 (009.389769)  can0  0C140400   [1]  DA
 (009.390502)  can0  02000100   [2]  00 00
 (009.400082)  can0  02000100   [2]  00 00
 (009.401074)  can0  03C30F0F   [7]  87 87 87 87 87 87 87
 (009.409932)  can0  02000100   [2]  00 00
 (009.411258)  can0  14300000   [2]  00 00
 (009.419932)  can0  02000100   [2]  00 00
 (009.423903)  can0       00E   [8]  70 80 13 98 00 00 00 00
 (009.429962)  can0  02000100   [2]  00 00
 (009.439957)  can0  02000100   [2]  00 00
 (009.440611)  can0  0C140400   [1]  DB
 (009.449981)  can0  02000100   [2]  00 00
 (009.451260)  can0  140C0001   [2]  00 00
 (009.459934)  can0  02000100   [2]  00 00
 (009.469937)  can0  02000100   [2]  00 00
 (009.474518)  can0       00E   [8]  70 80 13 98 00 00 00 00
 (009.479926)  can0  02000100   [2]  00 00
 (009.489929)  can0  02000100   [2]  00 00
 (009.490568)  can0  0C140400   [1]  DC
 (009.500079)  can0  02000100   [2]  00 00
 (009.501066)  can0  03C30F0F   [7]  87 87 87 87 87 87 87
 (009.509935)  can0  02000100   [2]  00 00
 (009.519932)  can0  02000100   [2]  00 00
 (009.523915)  can0       00E   [8]  70 80 13 98 00 00 00 00
 (009.529933)  can0  02000100   [2]  00 00
 (009.539965)  can0  02000100   [2]  00 00
 (009.540605)  can0  0C140400   [1]  DD
 (009.550017)  can0  02000100   [2]  00 00
 (009.559935)  can0  02000100   [2]  00 00
 (009.569935)  can0  02000100   [2]  00 00
 (009.574519)  can0       00E   [8]  70 80 13 98 00 00 00 00
 (009.579937)  can0  02000100   [2]  00 00
 (009.589934)  can0  02000100   [2]  00 00
 (009.590577)  can0  0C140400   [1]  DE
 (009.600083)  can0  02000100   [2]  00 00
 (009.601075)  can0  03C30F0F   [7]  87 87 87 87 87 87 87
 (009.609822)  can0  02000100   [2]  00 00
 (009.619935)  can0  02000100   [2]  00 00
 (009.623910)  can0       00E   [8]  70 80 13 98 00 00 00 00
 (009.629935)  can0  02000100   [2]  00 00
 (009.639832)  can0  02000100   [2]  00 00
 (009.640479)  can0  0C140400   [1]  DF
 (009.650017)  can0  02000100   [2]  00 00
 (009.659962)  can0  02000100   [2]  00 00
 (009.661193)  can0  14300000   [2]  00 00
 (009.669941)  can0  02000100   [2]  00 00
 (009.674517)  can0       00E   [8]  70 80 13 98 00 00 00 00
 (009.679931)  can0  02000100   [2]  00 00
 (009.689931)  can0  02000100   [2]  00 00
 (009.700085)  can0  02000100   [2]  00 00
 (009.701076)  can0  03C30F0F   [7]  87 87 87 87 87 87 87
 (009.701804)  can0  140C0001   [2]  00 00
 (009.709933)  can0  02000100   [2]  00 00
 (009.719942)  can0  02000100   [2]  00 00
 (009.723909)  can0       00E   [8]  70 80 13 98 00 00 00 00
 (009.729934)  can0  02000100   [2]  00 00
 (009.739935)  can0  02000100   [2]  00 00
 (009.749991)  can0  02000100   [2]  00 00
 (009.759969)  can0  02000100   [2]  00 00
 (009.769961)  can0  02000100   [2]  00 00
 (009.774520)  can0       00E   [8]  70 80 13 98 00 00 00 00
 (009.779939)  can0  02000100   [2]  00 00
 (009.789943)  can0  02000100   [2]  00 00
 (009.800086)  can0  02000100   [2]  00 00
 (009.801078)  can0  03C30F0F   [7]  87 87 87 87 87 87 87
 (009.802220)  can0  1C300004   [8]  79 08 5D 00 2C 00 00 00
 (009.809934)  can0  02000100   [2]  00 00
 (009.819935)  can0  02000100   [2]  00 00
 (009.823910)  can0       00E   [8]  70 80 13 98 00 00 00 00
 (009.829936)  can0  02000100   [2]  00 00
 (009.839936)  can0  02000100   [2]  00 00
 (009.849993)  can0  02000100   [2]  00 00
 (009.859913)  can0  02000100   [2]  00 00
 (009.869976)  can0  02000100   [2]  00 00
 (009.874522)  can0       00E   [8]  70 80 13 98 00 00 00 00
 (009.879971)  can0  02000100   [2]  00 00
 (009.889838)  can0  02000100   [2]  00 00
 (009.890860)  can0  0C140400   [1]  10
 (009.900086)  can0  02000100   [2]  00 00
 (009.901079)  can0  03C30F0F   [7]  87 87 87 87 87 87 87
 (009.909940)  can0  02000100   [2]  00 00
 (009.911136)  can0  14300000   [2]  00 00
 (009.919912)  can0  02000100   [2]  00 00
 (009.923918)  can0       00E   [8]  70 80 13 98 00 00 00 00
 (009.929936)  can0  02000100   [2]  00 00
 (009.939936)  can0  02000100   [2]  00 00
 (009.941074)  can0  0C140400   [1]  51
 (009.949986)  can0  02000100   [2]  00 00
 (009.951129)  can0  140C0001   [2]  00 00
 (009.959931)  can0  02000100   [2]  00 00
 (009.969940)  can0  02000100   [2]  00 00
 (009.974515)  can0       00E   [8]  70 80 13 98 00 00 00 00
 (009.979965)  can0  02000100   [2]  00 00
