     50 0.641360000    CAN      16     STD: 0x00000781   20 80 00 00 11 00 00 00
     51 0.642487000    CAN      16     STD: 0x00000790   41 80 00 00 00 00 00 00
     52 0.643736000    CAN      16     STD: 0x00000781   40 80 00 00 00 00 00 00
     53 0.644801000    CAN      16     STD: 0x00000790   21 80 00 00 11 00 00 00
     54 0.646057000    CAN      16     STD: 0x00000781   20 81 00 00 06 00 01 00
     56 0.682574000    CAN      16     STD: 0x00000790   41 81 00 00 00 00 00 00
     57 0.683767000    CAN      16     STD: 0x00000781   40 8f 00 00 00 00 00 00
     58 0.684870000    CAN      16     STD: 0x00000790   21 8f 00 00 84 b2 00 00
     59 0.686966000    CAN      16     STD: 0x00000781   20 81 00 00 02 00 00 00
     60 0.688351000    CAN      16     STD: 0x00000790   41 81 00 00 00 00 00 00
     61 0.689591000    CAN      16     STD: 0x00000781   40 8f 00 00 00 00 00 00
     62 0.690688000    CAN      16     STD: 0x00000790   21 8f 00 00 59 27 00 00
     63 0.692148000    CAN      16     STD: 0x00000781   20 81 00 00 08 00 01 00
     64 0.693498000    CAN      16     STD: 0x00000790   41 81 00 00 00 00 00 00
     65 0.694739000    CAN      16     STD: 0x00000781   40 8f 00 00 00 00 00 00
     66 0.695803000    CAN      16     STD: 0x00000790   21 8f 00 00 5d b4 00 00
     68 0.698052000    CAN      16     STD: 0x00000781   20 81 00 00 13 00 01 00
     69 0.702337000    CAN      16     STD: 0x00000790   41 81 00 00 00 00 00 00
     70 0.703575000    CAN      16     STD: 0x00000781   40 8f 00 00 00 00 00 00
     71 0.704680000    CAN      16     STD: 0x00000790   21 8f 00 00 86 8c 00 00
     72 0.706144000    CAN      16     STD: 0x00000781   20 81 00 00 0e 00 01 00
     73 0.707634000    CAN      16     STD: 0x00000790   41 81 00 00 00 00 00 00
     74 0.708874000    CAN      16     STD: 0x00000781   40 8f 00 00 00 00 00 00
     75 0.709994000    CAN      16     STD: 0x00000790   21 8f 00 00 f9 a9 00 00
     76 0.711454000    CAN      16     STD: 0x00000781   20 81 00 00 18 00 01 00
     80 0.819161000    CAN      16     STD: 0x00000790   41 81 00 00 00 00 00 00
     82 0.821648000    CAN      16     STD: 0x00000781   40 8f 00 00 00 00 00 00
     83 0.822690000    CAN      16     STD: 0x00000790   21 8f 00 00 f9 7a 00 00
     84 0.824151000    CAN      16     STD: 0x00000781   20 80 00 00 00 00 00 00
     85 0.825277000    CAN      16     STD: 0x00000790   41 80 00 00 00 00 00 00
     86 0.847880000    CAN      16     STD: 0x00000781   40 40 00 00 00 00 00 00
     87 0.848931000    CAN      16     STD: 0x00000790   21 40 00 00 00 00 10 7f
     88 0.850222000    CAN      16     STD: 0x00000781   40 50 00 00 00 00 00 00
     89 0.851358000    CAN      16     STD: 0x00000790   21 50 00 00 10 00 00 00
